 xi/pi   psi/pi   alpha_c/pi   guess 2|psi|-1   guess
 0.421 -0.4176   0.00000      -0.16481
 0.451 -0.5228   0.04557      0.04557
 0.501 -0.6701   0.32987      0.34025
 0.551 -0.7907   0.20926      0.58147
 0.601 -0.8913   0.10871      0.78258
 0.641 -0.9604   0.03956      0.92089
 0.701 +0.9506   0.04938      0.90123
 0.801 +0.8320   0.16802      0.66396
 0.901 +0.7397   0.26033      0.47934
 1.001 +0.6658   0.33160      0.33160
 1.101 +0.6053   0.21069      0.21069
 1.201 +0.5550   0.10991      0.10991
 1.301 +0.5123   0.02462      0.02462
