xi=0.30pi psi/pi=+0.213  N=2  (alpha/pi = 0, 0.125, 0.25, 0.375, 0.5, 0.625, 0.75, 0.875, 1)
   Q=0: dev 1.1e-14 5.2e-15 3.6e-15 2.7e-15 2.7e-15 2.7e-15 3.8e-15 2.7e-15 3.3e-15   Krein 2e-14 1e-14 7e-15 5e-15 5e-15 5e-15 8e-15 5e-15 7e-15
   Q=1: dev 2.4e-15 1.8e-15 8.9e-16 1.0e-15 7.8e-16 1.1e-15 1.3e-15 1.2e-15 1.0e-15   Krein 5e-15 3e-15 2e-15 2e-15 2e-15 2e-15 2e-15 2e-15 2e-15
   Q=2: dev 0.0e+00 0.0e+00 0.0e+00 0.0e+00 0.0e+00 0.0e+00 0.0e+00 0.0e+00 0.0e+00   Krein 0e+00 0e+00 0e+00 0e+00 0e+00 1e-16 0e+00 0e+00 0e+00
xi=0.45pi psi/pi=-0.523  N=2  (alpha/pi = 0, 0.125, 0.25, 0.375, 0.5, 0.625, 0.75, 0.875, 1)
   Q=0: dev 1.4e-01 1.6e-14 1.0e-14 8.7e-15 7.8e-15 3.9e-15 3.1e-15 3.3e-15 5.6e-14   Krein 1e-13 3e-14 2e-14 2e-14 2e-14 8e-15 6e-15 7e-15 1e-13
   Q=1: dev 8.4e-15 6.1e-15 3.8e-15 2.7e-15 2.7e-15 1.6e-15 1.1e-15 1.4e-15 8.9e-16   Krein 2e-14 1e-14 8e-15 5e-15 5e-15 3e-15 2e-15 3e-15 2e-15
   Q=2: dev 0.0e+00 0.0e+00 0.0e+00 0.0e+00 0.0e+00 0.0e+00 0.0e+00 0.0e+00 0.0e+00   Krein 0e+00 0e+00 0e+00 0e+00 0e+00 1e-16 0e+00 0e+00 0e+00
xi=0.55pi psi/pi=-0.791  N=2  (alpha/pi = 0, 0.125, 0.25, 0.375, 0.5, 0.625, 0.75, 0.875, 1)
   Q=0: dev 8.4e-01 6.2e-01 4.4e-15 2.0e-15 1.9e-15 1.9e-15 2.3e-15 1.8e-15 2.2e-15   Krein 5e-15 1e-14 9e-15 4e-15 4e-15 4e-15 5e-15 3e-15 4e-15
   Q=1: dev 3.3e-15 1.9e-15 1.7e-15 1.4e-15 1.1e-15 1.1e-15 1.3e-15 1.1e-15 1.2e-15   Krein 7e-15 4e-15 3e-15 3e-15 2e-15 2e-15 3e-15 2e-15 2e-15
   Q=2: dev 0.0e+00 0.0e+00 0.0e+00 0.0e+00 0.0e+00 0.0e+00 0.0e+00 0.0e+00 0.0e+00   Krein 0e+00 0e+00 0e+00 0e+00 0e+00 1e-16 0e+00 0e+00 0e+00
xi=0.62pi psi/pi=-0.927  N=2  (alpha/pi = 0, 0.125, 0.25, 0.375, 0.5, 0.625, 0.75, 0.875, 1)
   Q=0: dev 2.4e-01 1.6e-15 1.6e-15 1.7e-15 1.6e-15 2.0e-15 1.8e-15 2.0e-15 1.9e-15   Krein 3e-15 3e-15 3e-15 3e-15 3e-15 4e-15 3e-15 4e-15 4e-15
   Q=1: dev 1.6e-15 1.1e-15 1.3e-15 1.3e-15 1.0e-15 1.1e-15 1.1e-15 1.1e-15 1.0e-15   Krein 3e-15 2e-15 2e-15 2e-15 2e-15 2e-15 2e-15 2e-15 2e-15
   Q=2: dev 0.0e+00 0.0e+00 0.0e+00 0.0e+00 0.0e+00 0.0e+00 0.0e+00 0.0e+00 0.0e+00   Krein 0e+00 0e+00 0e+00 0e+00 0e+00 1e-16 0e+00 0e+00 0e+00
xi=0.70pi psi/pi=+0.951  N=2  (alpha/pi = 0, 0.125, 0.25, 0.375, 0.5, 0.625, 0.75, 0.875, 1)
   Q=0: dev 1.6e-01 1.6e-15 1.6e-15 1.6e-15 1.6e-15 1.3e-15 1.6e-15 1.8e-15 1.4e-15   Krein 4e-15 3e-15 3e-15 3e-15 3e-15 3e-15 3e-15 4e-15 3e-15
   Q=1: dev 1.2e-15 8.9e-16 6.7e-16 6.7e-16 8.9e-16 6.7e-16 1.1e-15 8.9e-16 8.9e-16   Krein 2e-15 2e-15 2e-15 1e-15 1e-15 1e-15 2e-15 2e-15 2e-15
   Q=2: dev 0.0e+00 0.0e+00 0.0e+00 0.0e+00 0.0e+00 0.0e+00 0.0e+00 0.0e+00 0.0e+00   Krein 0e+00 0e+00 0e+00 0e+00 0e+00 1e-16 0e+00 0e+00 0e+00
xi=0.90pi psi/pi=+0.740  N=2  (alpha/pi = 0, 0.125, 0.25, 0.375, 0.5, 0.625, 0.75, 0.875, 1)
   Q=0: dev 1.1e+00 9.3e-01 2.3e-01 2.4e-15 2.7e-15 1.9e-15 1.8e-15 1.8e-15 2.4e-15   Krein 7e-15 2e-14 7e-15 5e-15 5e-15 3e-15 4e-15 4e-15 5e-15
   Q=1: dev 4.2e-15 1.6e-15 8.9e-16 6.7e-16 6.7e-16 1.1e-15 6.7e-16 8.9e-16 1.1e-15   Krein 9e-15 3e-15 2e-15 1e-15 2e-15 2e-15 2e-15 2e-15 2e-15
   Q=2: dev 0.0e+00 0.0e+00 0.0e+00 0.0e+00 0.0e+00 0.0e+00 0.0e+00 0.0e+00 0.0e+00   Krein 0e+00 0e+00 0e+00 0e+00 0e+00 1e-16 0e+00 0e+00 0e+00
xi=1.10pi psi/pi=+0.605  N=2  (alpha/pi = 0, 0.125, 0.25, 0.375, 0.5, 0.625, 0.75, 0.875, 1)
   Q=0: dev 7.9e-01 5.9e-01 3.3e-15 2.7e-15 1.8e-15 2.2e-15 1.8e-15 1.8e-15 4.2e-15   Krein 2e-14 1e-14 7e-15 5e-15 4e-15 5e-15 3e-15 4e-15 9e-15
   Q=1: dev 4.2e-15 2.7e-15 1.3e-15 1.1e-15 1.1e-15 6.7e-16 7.8e-16 1.1e-15 7.8e-16   Krein 8e-15 5e-15 3e-15 2e-15 2e-15 1e-15 2e-15 2e-15 1e-15
   Q=2: dev 0.0e+00 0.0e+00 0.0e+00 0.0e+00 0.0e+00 0.0e+00 0.0e+00 0.0e+00 0.0e+00   Krein 0e+00 0e+00 0e+00 0e+00 0e+00 1e-16 0e+00 0e+00 0e+00
xi=1.30pi psi/pi=+0.512  N=2  (alpha/pi = 0, 0.125, 0.25, 0.375, 0.5, 0.625, 0.75, 0.875, 1)
   Q=0: dev 7.8e-02 2.5e-14 1.8e-14 2.1e-14 2.1e-14 1.1e-14 6.7e-15 6.4e-15 1.7e-13   Krein 2e-13 5e-14 4e-14 4e-14 4e-14 2e-14 1e-14 1e-14 3e-13
   Q=1: dev 2.8e-14 1.8e-14 1.0e-14 7.5e-15 4.9e-15 3.1e-15 2.0e-15 1.2e-15 7.8e-16   Krein 6e-14 4e-14 2e-14 2e-14 1e-14 6e-15 4e-15 2e-15 2e-15
   Q=2: dev 0.0e+00 0.0e+00 0.0e+00 0.0e+00 0.0e+00 0.0e+00 0.0e+00 0.0e+00 0.0e+00   Krein 0e+00 0e+00 0e+00 0e+00 0e+00 1e-16 0e+00 0e+00 0e+00
xi=2.00pi psi/pi=+0.333  N=2  (alpha/pi = 0, 0.125, 0.25, 0.375, 0.5, 0.625, 0.75, 0.875, 1)
   Q=0: dev 5.1e-12 2.4e-12 1.4e-12 1.0e-12 8.5e-13 8.3e-13 7.3e-13 6.2e-13 8.9e-13   Krein 1e-11 5e-12 3e-12 2e-12 2e-12 2e-12 1e-12 1e-12 2e-12
   Q=1: dev 2.1e-15 1.8e-15 1.8e-15 8.9e-16 7.8e-16 8.9e-16 1.1e-15 6.7e-16 7.8e-16   Krein 4e-15 3e-15 4e-15 2e-15 2e-15 2e-15 2e-15 1e-15 2e-15
   Q=2: dev 0.0e+00 0.0e+00 0.0e+00 0.0e+00 0.0e+00 0.0e+00 0.0e+00 0.0e+00 0.0e+00   Krein 0e+00 0e+00 0e+00 0e+00 0e+00 1e-16 0e+00 0e+00 0e+00
xi=3.00pi psi/pi=+0.222  N=2  (alpha/pi = 0, 0.125, 0.25, 0.375, 0.5, 0.625, 0.75, 0.875, 1)
   Q=0: dev 5.2e-15 3.1e-15 2.0e-15 2.0e-15 1.8e-15 3.1e-15 8.1e-15 6.0e-15 6.4e-15   Krein 1e-14 6e-15 4e-15 4e-15 4e-15 6e-15 2e-14 1e-14 1e-14
   Q=1: dev 3.2e-15 2.2e-15 2.2e-15 1.1e-15 8.9e-16 1.1e-15 1.1e-15 8.9e-16 6.7e-16   Krein 6e-15 4e-15 4e-15 3e-15 2e-15 2e-15 2e-15 2e-15 1e-15
   Q=2: dev 0.0e+00 0.0e+00 0.0e+00 0.0e+00 0.0e+00 0.0e+00 0.0e+00 0.0e+00 0.0e+00   Krein 0e+00 0e+00 0e+00 0e+00 0e+00 1e-16 0e+00 0e+00 0e+00
